UTTARKASHI  EARTHQUAKE, OCT 20,1991 02:53 IST                      
      91.0011.T station: UTTARKASHI      30 44 N 78 27 E comp: N75E             
 INST.FREQ= 25.50Hz  DAMPING=0.65 Band-Pass FILTER 0.17-0.20 Hz & 25.0-27.0 Hz  
Initial Velocity =     -.6300E-02 m/s Initial Displacement =   -.1480      mm
Peak Acceleration =        3.0400    m/s/s at    5.900  sec
 1996 Acceleration data points (in m/s/s) at .020 sec
-.360E-01 0.765E-01 0.124E+00 0.186E-01 -.180E+00 -.123E+00 0.132E+00 0.115E+00
-.706E-01 -.625E-01 -.457E-01 -.599E-01 0.689E-02 0.109E+00 0.766E-01 -.159E-01
0.319E-01 0.838E-01 0.515E-01 -.689E-01 -.113E+00 0.608E-02 0.133E+00 0.804E-01
-.334E-01 -.490E-02 0.524E-01 -.389E-01 -.447E-01 0.146E+00 0.123E+00 -.119E+00
-.427E-01 0.126E+00 -.544E-01 -.206E+00 -.235E+00 -.704E-01 0.161E+00 0.170E+00
0.163E+00 0.712E-01 -.165E+00 -.200E+00 -.111E-01 0.147E+00 0.240E+00 0.438E-01
-.996E-01 -.168E+00 -.959E-01 0.110E+00 0.157E+00 0.423E-01 0.325E-01 -.125E+00
-.978E-01 0.132E+00 0.282E+00 0.169E+00 0.859E-02 -.955E-01 -.145E+00 -.165E+00
-.754E-01 0.125E+00 0.199E+00 -.512E-02 -.224E+00 -.263E+00 -.539E-01 0.198E+00
0.107E+00 -.191E+00 -.250E+00 -.106E+00 0.654E-01 0.444E-01 -.141E+00 -.228E+00
-.428E-01 0.183E+00 0.349E+00 0.413E+00 0.116E+00 -.175E+00 -.100E+00 0.931E-01
-.910E-01 -.232E+00 -.110E+00 -.388E-01 0.104E+00 0.284E+00 0.200E+00 0.155E+00
0.213E+00 0.294E-01 -.262E+00 -.303E+00 -.127E+00 0.346E-01 -.764E-01 -.204E+00
-.217E+00 -.103E+00 -.417E-01 0.302E-01 0.293E+00 0.328E+00 -.985E-01 -.321E+00
-.354E-01 0.364E+00 0.236E+00 -.138E+00 -.258E+00 -.202E+00 -.188E+00 -.839E-01
0.318E+00 0.213E+00 -.135E+00 -.280E+00 -.109E+00 0.264E+00 0.348E+00 0.392E+00
0.146E+00 -.267E+00 -.357E+00 -.232E+00 0.383E-01 0.160E+00 0.174E+00 0.200E+00
0.189E+00 0.226E-01 -.209E+00 -.368E+00 -.317E+00 0.267E-01 0.428E+00 0.656E+00
0.415E+00 0.662E-01 -.116E+00 -.232E+00 -.743E-01 0.295E+00 0.403E+00 -.327E-01
-.649E+00 -.891E+00 -.632E+00 -.125E+00 0.104E+00 0.401E+00 0.438E+00 0.103E+00
-.430E-01 0.216E+00 0.641E-01 -.421E+00 -.891E+00 -.134E+01 -.128E+01 -.587E+00
0.166E+00 0.695E+00 0.357E+00 -.608E+00 -.111E+01 -.844E+00 -.524E+00 -.338E+00
-.222E+00 0.133E-01 0.421E+00 0.103E+01 0.153E+01 0.147E+01 0.102E+01 0.113E+01
0.165E+01 0.221E+01 0.204E+01 0.673E+00 -.805E+00 -.166E+01 -.160E+01 -.109E+01
-.640E+00 -.592E+00 -.715E+00 -.101E+01 -.116E+01 -.539E+00 0.514E+00 0.944E+00
0.129E+01 0.137E+01 0.446E+00 -.116E+01 -.178E+01 -.153E+01 -.854E+00 -.247E+00
0.657E-01 0.390E+00 0.756E+00 0.106E+01 0.152E+01 0.214E+01 0.258E+01 0.211E+01
0.222E+00 -.106E+01 -.139E+01 -.179E+01 -.220E+01 -.217E+01 -.194E+01 -.191E+01
-.167E+01 -.609E+00 0.106E+01 0.232E+01 0.276E+01 0.295E+01 0.242E+01 0.100E+01
-.460E+00 -.835E+00 -.504E+00 -.413E+00 -.846E+00 -.108E+01 -.100E+01 -.585E+00
-.160E+00 0.121E+00 0.340E+00 0.234E+00 0.119E+00 -.192E-01 -.200E-01 0.381E+00
0.783E+00 0.853E+00 0.480E+00 0.580E-01 -.214E+00 -.220E+00 0.249E+00 0.609E+00
0.416E+00 -.304E-01 -.553E+00 -.109E+01 -.153E+01 -.965E+00 0.289E+00 0.120E+01
0.187E+01 0.172E+01 0.895E+00 0.491E+00 0.175E+00 -.358E+00 -.709E+00 -.846E+00
-.105E+01 -.127E+01 -.139E+01 -.107E+01 -.202E+00 0.500E+00 0.112E+01 0.125E+01
0.691E+00 -.402E+00 -.132E+01 -.190E+01 -.214E+01 -.177E+01 -.140E+01 -.954E+00
-.517E+00 -.396E+00 -.351E+00 -.186E+00 0.230E+00 0.110E+01 0.230E+01 0.304E+01
0.277E+01 0.239E+01 0.214E+01 0.193E+01 0.134E+01 0.212E+00 -.916E+00 -.128E+01
-.112E+01 -.357E+00 0.281E+00 0.130E+00 -.847E+00 -.166E+01 -.187E+01 -.926E+00
0.418E+00 0.112E+01 0.599E+00 -.889E+00 -.154E+01 -.713E+00 0.847E+00 0.164E+01
0.287E+00 -.129E+01 -.151E+01 -.124E+01 -.777E+00 0.741E-01 0.929E+00 0.117E+01
0.562E+00 -.171E-01 -.494E-01 0.178E+00 0.447E+00 0.902E+00 0.126E+01 0.955E+00
0.715E+00 0.580E+00 0.421E-01 -.476E+00 -.517E+00 -.126E+00 0.505E-01 -.729E-01
-.497E+00 -.930E+00 -.120E+01 -.869E+00 0.745E-01 0.774E+00 0.826E+00 0.396E+00
-.206E+00 -.563E+00 -.505E+00 -.574E+00 -.674E+00 -.685E+00 -.560E+00 -.404E+00
-.511E+00 -.696E+00 -.546E+00 -.213E+00 0.157E-01 0.575E+00 0.104E+01 0.811E+00
0.360E+00 0.173E+00 0.573E+00 0.962E+00 0.114E+01 0.790E+00 0.128E+00 -.453E+00
-.888E+00 -.113E+01 -.975E+00 -.713E+00 -.610E+00 -.285E+00 0.164E+00 0.346E+00
0.265E+00 0.244E+00 0.346E+00 0.357E+00 0.393E+00 0.346E+00 0.365E+00 0.493E+00
0.439E+00 0.153E+00 -.102E+00 -.195E+00 -.260E+00 -.537E+00 -.733E+00 -.736E+00
-.390E+00 -.402E-01 0.316E-01 -.153E+00 -.429E+00 -.142E+00 0.432E+00 0.682E+00
0.719E+00 0.352E+00 0.711E-01 0.139E+00 0.318E+00 0.254E+00 0.995E-01 -.822E-01
-.296E+00 -.392E+00 0.192E-02 0.390E+00 0.429E+00 0.266E+00 0.900E-02 -.261E+00
-.333E+00 -.663E-01 0.179E+00 0.174E+00 0.122E+00 0.182E+00 0.185E+00 0.461E-01
-.491E-01 0.935E-01 0.296E+00 0.380E+00 0.175E+00 -.766E-01 -.143E+00 -.157E-01
0.176E+00 0.303E+00 0.422E+00 0.325E+00 -.283E-02 -.310E+00 -.284E+00 -.289E+00
-.305E+00 -.165E+00 -.615E-01 -.146E+00 -.290E+00 -.298E+00 -.103E+00 0.196E+00
0.410E+00 0.251E+00 -.373E-01 -.950E-01 0.133E+00 0.261E+00 0.775E-01 -.273E+00
-.539E+00 -.598E+00 -.426E+00 -.783E-01 0.265E+00 0.229E+00 -.205E-02 -.132E+00
-.111E+00 -.566E-01 -.196E+00 -.772E-01 0.213E+00 0.351E+00 0.337E+00 0.204E+00
0.229E-01 -.850E-01 0.700E-01 0.293E+00 0.403E+00 0.248E+00 -.591E-01 -.198E+00
-.213E+00 -.109E+00 -.286E-01 -.739E-01 -.249E+00 -.394E+00 -.286E+00 -.650E-01
0.908E-01 0.357E-03 -.194E+00 -.242E+00 -.283E+00 -.240E+00 -.396E-01 0.159E+00
0.283E+00 0.159E+00 -.209E+00 -.416E+00 -.329E+00 -.619E-01 -.162E-01 -.931E-01
-.946E-01 -.109E+00 -.828E-01 0.145E+00 0.555E+00 0.770E+00 0.459E+00 -.967E-01
-.257E+00 -.153E+00 -.687E-02 0.764E-01 0.167E+00 0.183E+00 0.161E-01 -.490E-01
0.736E-01 0.680E-01 0.150E+00 0.336E+00 0.315E+00 0.105E+00 -.668E-01 -.149E+00
-.238E+00 -.225E+00 -.970E-01 -.102E+00 -.191E+00 -.156E+00 0.577E-01 0.278E+00
0.268E+00 0.328E-01 -.201E+00 -.306E+00 -.280E+00 -.134E+00 0.412E-01 0.141E+00
0.129E+00 0.737E-01 0.552E-01 0.236E-01 -.685E-01 0.323E-01 0.270E+00 0.439E+00
0.508E+00 0.329E+00 -.248E-02 -.237E+00 -.260E+00 -.338E+00 -.377E+00 -.240E+00
-.228E+00 -.332E+00 -.279E+00 -.949E-01 0.913E-01 0.298E+00 0.399E+00 0.410E+00
0.279E+00 0.809E-01 0.358E-01 -.220E-01 -.553E-01 -.901E-01 -.919E-01 -.142E+00
-.166E+00 -.902E-01 -.532E-01 -.158E+00 -.887E-01 0.196E+00 0.342E+00 0.264E+00
0.163E+00 -.162E-01 -.160E+00 -.236E+00 -.114E+00 0.110E+00 0.117E+00 -.495E-01
-.655E-01 0.485E-01 0.167E+00 0.221E+00 0.106E+00 -.500E-01 -.166E+00 -.232E+00
-.159E+00 -.112E+00 -.209E+00 -.319E+00 -.288E+00 -.130E+00 0.117E-01 0.216E-01
0.318E-01 0.156E+00 0.170E+00 0.202E-01 -.167E-01 0.157E+00 0.211E+00 0.210E+00
0.311E+00 0.288E+00 0.179E+00 0.591E-01 -.241E-01 -.152E-01 0.412E-01 -.371E-01
-.150E+00 -.164E+00 -.158E+00 -.192E+00 -.232E+00 -.195E+00 -.172E+00 -.367E-01
0.111E+00 0.147E+00 0.121E+00 0.551E-01 0.502E-01 0.158E+00 0.227E+00 0.154E+00
0.593E-02 -.134E+00 -.261E+00 -.207E+00 -.108E-01 0.974E-01 -.514E-01 -.207E+00
-.193E+00 -.119E+00 -.383E-01 -.372E-01 -.146E+00 -.193E+00 -.120E+00 -.190E-01
0.141E+00 0.286E+00 0.232E+00 0.916E-01 0.731E-01 0.727E-02 0.445E-01 0.202E+00
0.315E+00 0.231E+00 0.505E-01 0.124E-02 0.212E-01 -.858E-01 -.222E+00 -.252E+00
-.232E+00 -.180E+00 -.105E+00 -.181E-01 0.292E-01 -.954E-01 -.138E+00 -.682E-01
-.557E-01 -.181E-01 0.133E+00 0.195E+00 0.113E+00 0.150E+00 0.174E+00 0.944E-01
0.104E+00 0.206E+00 0.174E+00 0.122E-01 -.582E-01 0.471E-01 0.229E-01 -.497E-01
-.660E-01 -.123E+00 -.220E+00 -.227E+00 -.104E+00 0.852E-01 0.252E+00 0.282E+00
0.197E-01 -.243E+00 -.344E+00 -.190E+00 0.101E-01 0.179E+00 0.585E-01 -.131E+00
-.258E+00 -.316E+00 -.204E+00 -.156E-01 0.231E+00 0.264E+00 0.114E-01 -.226E+00
-.283E+00 -.403E-01 0.166E+00 0.286E+00 0.154E+00 -.576E-01 -.126E+00 -.146E+00
-.167E+00 -.938E-01 0.410E-01 0.109E+00 -.192E-01 -.203E+00 -.128E+00 0.132E+00
0.243E+00 0.205E+00 0.290E+00 0.313E+00 0.197E+00 0.106E+00 0.650E-01 0.861E-02
-.889E-01 -.163E+00 -.162E+00 -.166E+00 -.190E+00 -.214E+00 -.246E+00 -.206E+00
-.702E-02 0.194E+00 0.174E+00 -.146E-01 -.998E-01 -.441E-02 0.167E+00 0.270E+00
0.230E+00 0.127E+00 0.170E-01 -.116E+00 -.190E+00 -.155E+00 -.346E-02 0.219E+00
0.254E+00 0.411E-01 -.891E-01 -.605E-01 0.131E-01 0.874E-01 0.112E+00 0.234E-01
-.213E-01 0.983E-01 0.230E+00 0.284E+00 0.135E+00 -.612E-01 -.184E+00 -.177E+00
0.278E-01 0.157E+00 0.173E+00 0.624E-01 -.580E-01 -.414E-01 0.255E-01 0.513E-01
0.296E-01 -.669E-02 -.464E-01 -.718E-01 -.327E-01 -.126E-01 -.275E-01 -.771E-01
-.193E+00 -.253E+00 -.196E+00 -.822E-01 0.979E-01 0.296E+00 0.364E+00 0.272E+00
0.275E-01 -.170E+00 -.206E+00 -.786E-01 0.820E-01 0.574E-01 -.108E-02 0.378E-01
0.842E-01 0.844E-01 -.211E-02 -.968E-01 -.111E+00 -.667E-03 0.382E-01 -.930E-01
-.204E+00 -.207E+00 -.209E+00 -.129E+00 -.129E-01 0.338E-01 -.777E-01 -.155E+00
-.130E+00 -.163E+00 -.143E+00 -.342E-01 -.158E-02 -.404E-01 -.532E-01 -.103E-01
0.662E-01 0.611E-01 -.240E-01 -.558E-01 -.618E-01 -.708E-01 -.638E-02 0.137E+00
0.258E+00 0.309E+00 0.200E+00 0.961E-01 0.570E-01 0.325E-01 0.682E-01 0.128E+00
0.518E-01 -.757E-01 -.179E+00 -.244E+00 -.164E+00 -.456E-02 0.702E-01 -.248E-01
-.162E+00 -.226E+00 -.127E+00 0.819E-02 0.646E-01 0.108E-01 0.472E-01 0.164E+00
0.247E+00 0.190E+00 0.261E-01 -.600E-01 -.346E-01 0.257E-02 0.187E-01 0.493E-02
0.801E-02 -.333E-02 -.661E-01 -.621E-01 -.322E-01 0.129E-01 0.638E-01 0.170E-01
-.666E-01 -.134E+00 -.125E+00 -.273E-01 0.752E-01 0.891E-01 0.490E-01 0.527E-01
0.688E-01 0.670E-01 0.827E-01 0.116E+00 0.163E+00 0.154E+00 0.354E-01 -.916E-01
-.134E+00 -.166E-01 0.978E-01 0.804E-01 -.957E-01 -.168E+00 -.172E+00 -.118E+00
-.146E-01 0.845E-01 0.123E+00 0.116E+00 0.102E+00 0.156E+00 0.177E+00 0.550E-01
-.116E+00 -.191E+00 -.147E+00 -.895E-01 -.583E-01 -.901E-01 -.116E+00 -.106E+00
-.473E-01 -.360E-02 0.311E-01 0.545E-01 0.374E-01 -.674E-02 0.541E-02 0.167E-01
-.273E-02 0.267E-01 0.608E-01 0.464E-01 0.242E-01 0.118E-01 0.366E-03 0.115E-01
0.378E-01 0.738E-01 0.777E-01 0.172E-01 -.600E-01 -.108E+00 -.890E-01 -.578E-01
-.697E-01 -.510E-02 0.372E-01 0.680E-01 0.758E-01 0.134E-01 -.460E-01 -.761E-01
-.205E-01 0.291E-01 0.162E-01 -.131E-01 -.222E-02 0.862E-01 0.151E+00 0.763E-01
-.765E-02 -.386E-01 -.311E-01 -.898E-02 0.911E-02 0.274E-01 0.356E-01 0.154E-01
-.306E-01 -.146E-01 0.544E-01 0.285E-01 -.107E+00 -.228E+00 -.256E+00 -.124E+00
-.204E-02 0.707E-01 0.152E-01 -.351E-01 0.110E+00 0.229E+00 0.256E+00 0.145E+00
-.615E-01 -.192E+00 -.181E+00 -.997E-01 -.231E-01 0.164E-01 -.110E+00 -.681E-01
0.941E-01 0.155E+00 0.110E+00 0.600E-01 0.836E-01 0.111E+00 0.156E+00 0.118E+00
-.136E-01 -.143E+00 -.154E+00 -.137E+00 -.139E+00 -.156E+00 -.138E+00 -.909E-01
0.167E-02 0.745E-01 0.973E-01 0.155E-01 -.794E-01 -.640E-01 0.567E-01 0.191E+00
0.209E+00 0.705E-01 -.446E-01 -.123E+00 -.138E+00 -.334E-01 0.374E-01 0.887E-02
-.174E-01 -.700E-02 0.407E-01 0.851E-01 0.909E-01 0.450E-01 -.779E-02 -.490E-01
-.438E-01 -.212E-03 0.829E-01 0.124E+00 0.656E-01 0.104E-01 -.493E-01 -.675E-01
-.213E-02 0.615E-01 0.542E-01 -.270E-01 -.778E-01 -.995E-01 -.576E-01 0.355E-02
0.139E-01 0.333E-01 0.606E-01 0.296E-01 -.608E-02 -.305E-01 -.290E-01 0.453E-01
0.117E+00 0.140E+00 0.192E+00 0.188E+00 0.567E-01 -.668E-01 -.110E+00 -.947E-01
-.508E-01 0.116E-01 0.690E-01 0.257E-01 -.124E+00 -.219E+00 -.147E+00 -.551E-01
-.270E-01 -.303E-01 -.820E-01 -.812E-01 -.329E-01 0.206E-01 0.296E-01 0.153E-01
0.146E-01 0.270E-01 0.546E-01 0.817E-01 0.548E-01 -.179E-01 -.117E+00 -.112E+00
-.488E-01 -.211E-01 -.342E-01 -.138E-01 0.310E-01 0.526E-01 0.622E-01 0.541E-01
0.254E-01 -.100E-01 -.321E-01 -.378E-01 -.859E-01 -.133E+00 -.748E-01 0.331E-01
0.102E+00 0.125E+00 0.755E-01 0.396E-01 0.109E-01 -.672E-02 -.185E-01 -.323E-01
-.135E-01 0.357E-01 0.416E-01 -.137E-01 -.564E-01 -.457E-01 -.854E-02 0.180E-01
0.182E-01 -.570E-02 0.104E-01 0.558E-01 0.529E-01 -.918E-02 -.530E-01 -.584E-01
-.946E-01 -.132E+00 -.139E+00 -.407E-01 0.959E-01 0.194E+00 0.159E+00 0.483E-01
-.463E-02 -.315E-01 -.348E-01 -.202E-01 0.564E-02 -.289E-01 -.989E-01 -.628E-01
0.301E-01 0.446E-01 0.616E-01 0.674E-01 0.124E-01 -.446E-01 -.960E-01 -.120E+00
-.972E-01 -.455E-01 0.350E-01 0.147E+00 0.149E+00 0.346E-01 -.431E-01 -.853E-01
-.237E-01 -.646E-02 -.627E-02 0.120E-01 0.515E-01 0.710E-01 0.811E-01 0.812E-01
0.750E-01 0.412E-01 -.499E-01 -.107E+00 -.440E-01 0.275E-01 0.496E-01 0.453E-01
0.495E-01 0.760E-01 0.133E+00 0.160E+00 0.107E+00 -.271E-01 -.138E+00 -.142E+00
-.983E-01 -.510E-01 -.179E-01 -.316E-01 -.110E+00 -.182E+00 -.171E+00 -.565E-01
0.115E-01 0.474E-01 0.600E-01 0.750E-01 0.853E-01 0.936E-01 0.960E-01 0.674E-01
0.173E-01 0.860E-02 0.466E-01 0.641E-01 0.632E-01 0.515E-01 0.197E-01 -.267E-01
-.215E-01 0.638E-02 0.507E-02 0.429E-02 -.437E-02 -.311E-01 -.791E-01 -.853E-01
-.428E-01 -.343E-01 -.270E-01 0.130E-01 0.445E-01 0.778E-01 0.966E-01 0.830E-01
0.611E-01 0.565E-01 0.984E-01 0.106E+00 0.697E-01 -.256E-01 -.644E-01 -.383E-01
-.463E-01 -.671E-01 -.687E-01 -.505E-01 -.162E-01 0.384E-01 0.113E+00 0.115E+00
0.905E-01 0.893E-01 0.670E-01 0.123E-01 -.400E-01 -.574E-01 -.796E-01 -.985E-01
-.110E+00 -.109E+00 -.618E-01 -.989E-02 0.750E-02 -.345E-01 -.496E-01 -.380E-01
-.228E-01 0.329E-02 0.255E-01 0.164E-01 -.269E-01 -.362E-01 -.412E-01 -.301E-01
0.204E-02 0.495E-01 0.830E-01 0.619E-01 -.100E-02 -.602E-01 -.842E-01 -.572E-01
-.162E-01 0.680E-01 0.130E+00 0.111E+00 0.543E-01 0.450E-02 -.467E-01 -.700E-01
-.448E-01 -.654E-02 0.258E-01 0.114E-01 -.641E-01 -.116E+00 -.124E+00 -.106E+00
-.831E-01 -.405E-01 0.256E-01 0.729E-01 0.717E-01 0.533E-01 0.137E-01 0.117E-01
0.548E-01 0.342E-01 -.407E-01 -.901E-01 -.525E-01 0.257E-01 0.833E-01 0.772E-01
0.425E-02 -.342E-01 -.296E-01 -.119E-01 0.164E-01 0.435E-01 0.456E-01 0.236E-01
-.612E-02 -.234E-01 0.409E-02 0.445E-01 0.443E-01 0.210E-01 -.551E-02 0.643E-02
0.678E-01 0.111E+00 0.665E-01 -.170E-01 -.943E-01 -.151E+00 -.183E+00 -.104E+00
0.320E-01 0.121E+00 0.900E-01 0.958E-02 -.355E-01 -.550E-01 -.318E-01 0.111E-01
0.636E-01 0.841E-01 0.636E-01 0.955E-02 -.454E-01 -.853E-01 -.855E-01 -.713E-01
-.723E-01 -.675E-01 -.479E-01 -.148E-01 0.380E-01 0.900E-01 0.102E+00 0.564E-01
0.859E-02 -.775E-02 0.387E-02 0.626E-01 0.961E-01 0.185E-02 -.121E+00 -.182E+00
-.177E+00 -.550E-01 0.102E+00 0.187E+00 0.115E+00 0.124E-01 -.634E-01 -.680E-01
-.313E-01 -.360E-01 -.673E-01 -.734E-01 -.416E-01 0.710E-03 0.136E-01 -.325E-02
-.119E-01 0.657E-02 0.312E-01 0.372E-01 0.390E-01 0.178E-01 -.606E-01 -.133E+00
-.144E+00 -.778E-01 -.840E-02 0.398E-01 0.332E-01 -.131E-01 -.154E-01 0.364E-01
0.324E-01 -.671E-02 -.131E-01 0.111E-01 0.444E-01 0.525E-01 0.142E-01 -.115E-01
-.276E-01 -.233E-01 -.772E-02 0.131E-01 0.211E-01 0.191E-01 0.153E-01 0.109E-01
0.724E-02 0.338E-02 -.104E-01 -.127E-01 -.166E-01 -.312E-01 -.304E-01 -.304E-01
-.283E-01 -.138E-01 0.211E-01 0.635E-01 0.866E-01 0.811E-01 0.539E-01 0.225E-02
-.540E-01 -.672E-01 -.215E-01 -.290E-02 0.272E-01 0.484E-01 0.383E-01 0.109E-01
-.316E-02 -.122E-03 0.141E-01 0.238E-01 0.202E-01 -.318E-02 -.462E-01 -.757E-01
-.453E-01 -.235E-02 0.249E-01 0.332E-01 0.217E-01 0.144E-01 0.229E-01 0.663E-01
0.912E-01 0.654E-01 0.545E-01 0.571E-01 0.561E-01 0.275E-01 -.101E-01 -.402E-01
-.329E-01 -.633E-02 0.116E-01 0.613E-02 0.248E-02 0.956E-02 0.330E-01 0.550E-01
0.677E-01 0.730E-01 0.769E-01 0.771E-01 0.588E-01 0.731E-02 -.377E-01 -.504E-01
-.304E-01 -.188E-02 0.571E-02 0.136E-01 0.100E-01 -.113E-01 -.402E-01 -.733E-01
-.100E+00 -.747E-01 -.730E-03 0.416E-01 0.310E-01 -.174E-02 0.283E-01 0.722E-01
0.769E-01 0.474E-01 0.452E-03 -.300E-01 0.202E-01 0.454E-01 0.673E-02 -.152E-01
-.616E-02 0.255E-01 0.364E-01 -.691E-07 -.379E-01 -.479E-01 -.468E-01 0.238E-03
0.316E-01 0.893E-02 -.146E-01 -.129E-01 0.290E-02 0.121E-01 0.170E-01 0.176E-01
0.127E-01 0.106E-02 -.171E-01 -.367E-01 -.566E-01 -.580E-01 -.569E-01 -.818E-01
-.880E-01 -.736E-01 -.554E-01 -.495E-01 -.261E-01 0.779E-02 0.329E-01 0.402E-01
0.452E-01 0.555E-01 0.658E-01 0.648E-01 0.302E-01 -.464E-02 -.100E-01 0.242E-01
0.399E-01 0.644E-02 -.328E-01 -.757E-01 -.866E-01 -.715E-01 -.642E-01 -.748E-01
-.843E-01 -.867E-01 -.468E-01 0.138E-01 0.379E-01 0.254E-01 0.219E-01 0.284E-01
0.343E-01 0.485E-01 0.596E-01 0.235E-01 -.415E-01 -.783E-01 -.721E-01 -.374E-01
-.547E-02 0.354E-01 0.711E-01 0.770E-01 0.145E-01 -.471E-01 -.526E-01 0.964E-03
0.418E-01 0.386E-01 -.518E-02 -.221E-01 -.137E-01 -.183E-01 -.639E-01 -.977E-01
-.902E-01 -.729E-01 -.482E-01 -.280E-01 -.184E-01 -.180E-01 -.890E-02 0.955E-03
0.123E-01 0.313E-01 0.332E-01 0.428E-02 -.166E-01 0.706E-02 0.330E-01 0.124E-01
-.284E-01 -.487E-01 0.321E-02 0.331E-01 0.410E-02 -.491E-01 -.815E-01 -.640E-01
-.282E-01 -.579E-02 0.102E-02 0.146E-02 0.886E-02 0.299E-01 0.551E-01 0.731E-01
0.612E-01 0.441E-01 0.870E-02 -.356E-01 -.484E-01 -.430E-01 -.384E-01 -.366E-01
-.322E-01 -.111E-02 0.232E-01 0.358E-01 0.326E-01 0.403E-01 0.596E-01 0.345E-01
0.250E-02 -.254E-01 -.473E-01 0.167E-02 0.836E-01 0.101E+00 0.542E-01 0.236E-01
0.386E-01 0.440E-01 0.409E-01 0.404E-01 0.381E-01 0.927E-02 -.171E-01 -.136E-01
0.732E-02 0.235E-01 0.408E-01 0.459E-01 0.249E-01 -.245E-01 -.686E-01 -.427E-01
0.248E-01 0.723E-01 0.881E-01 0.702E-01 0.304E-01 0.174E-01 0.619E-01 0.838E-01
0.553E-01 0.922E-02 0.482E-02 0.320E-01 0.416E-01 0.439E-01 0.504E-01 0.542E-01
0.486E-02 -.710E-01 -.110E+00 -.945E-01 -.392E-01 0.130E-01 0.615E-01 0.895E-01
0.771E-01 0.556E-01 0.335E-01 0.231E-01 0.281E-01 0.178E-01 -.605E-03 -.195E-01
-.381E-01 -.535E-01 -.550E-01 -.414E-01 -.211E-01 -.229E-01 -.291E-01 -.292E-01
-.279E-01 -.225E-01 -.154E-01 -.156E-01 -.151E-01 -.154E-01 -.132E-01 0.625E-03
0.287E-01 0.309E-01 0.125E-01 -.181E-01 -.426E-01 -.499E-01 -.635E-01 -.729E-01
-.623E-01 -.536E-01 -.445E-01 -.368E-01 -.315E-01 -.274E-01 -.242E-01 -.226E-01
-.148E-01 -.417E-02 0.727E-02 0.295E-02 -.104E-01 -.468E-02 0.218E-01 0.600E-01
0.774E-01 0.364E-01 -.291E-01 -.940E-01 -.939E-01 -.331E-01 0.264E-01 0.571E-01
0.344E-01 -.225E-01 -.671E-01 -.736E-01 -.394E-01 0.846E-02 0.198E-01 -.754E-02
-.337E-01 -.502E-01 -.521E-01 -.469E-01 -.216E-01 -.144E-01 -.988E-02 -.982E-02
-.108E-01 0.526E-02 0.184E-01 0.264E-01 0.333E-01 0.347E-01 0.346E-01 0.308E-01
0.204E-01 0.447E-02 -.720E-02 -.564E-02 0.246E-01 0.459E-01 0.446E-01 0.380E-01
0.364E-01 0.373E-01 0.382E-01 0.424E-01 0.453E-01 0.261E-01 0.139E-03 -.209E-01
-.436E-01 -.204E-01 0.532E-01 0.433E-01 -.415E-01 -.996E-01 -.118E+00 -.577E-01
0.699E-01 0.111E+00 0.844E-01 0.252E-01 -.988E-02 -.897E-02 0.251E-01 0.768E-01
0.967E-01 0.408E-01 -.678E-02 -.486E-01 -.363E-01 0.179E-01 0.455E-01 0.406E-01
0.136E-01 -.227E-01 -.219E-01 0.545E-02 0.410E-01 0.606E-01 0.367E-01 -.341E-02
-.412E-01 -.709E-01 -.634E-01 -.299E-01 -.306E-03 -.149E-01 -.341E-01 -.384E-01
-.390E-01 -.314E-01 -.209E-01 -.583E-02 0.128E-03 -.804E-02 -.238E-01 -.144E-01
0.418E-02 -.114E-01 -.318E-01 -.369E-01 -.302E-01 -.601E-02 0.872E-02 0.150E-01
0.488E-01 0.112E+00 0.824E-01 0.141E-01 -.227E-01 -.439E-01 -.307E-01 -.185E-01
-.958E-02 -.171E-01 -.366E-01 -.572E-01 -.522E-01 -.340E-01 -.186E-01 -.168E-01
-.175E-01 -.205E-01 -.342E-01 -.342E-01 -.138E-01 0.114E-01 0.292E-01 0.370E-01
0.362E-01 0.340E-01 0.296E-01 0.390E-01 0.317E-01 0.338E-02 -.113E-01 -.134E-01
-.134E-01 -.257E-01 -.374E-01 -.352E-01 -.199E-01 0.136E-01 0.404E-01 0.237E-01
0.866E-03 0.443E-02 0.355E-02 0.468E-02 -.234E-02 -.181E-01 -.290E-01 -.172E-01
0.171E-01 0.622E-01 0.608E-01 0.448E-01 0.235E-01 -.281E-02 -.201E-01 -.376E-01
-.428E-01 -.341E-01 -.964E-02 0.189E-01 0.435E-01 0.569E-01 0.586E-01 0.537E-01
0.540E-01 0.387E-01 -.227E-01 -.580E-01 -.407E-01 -.219E-01 -.937E-03 0.273E-01
0.539E-01 0.515E-01 0.274E-01 0.175E-02 -.193E-01 -.108E-01 -.917E-02 -.877E-02
-.863E-02 0.476E-03 0.281E-01 0.567E-01 0.415E-01 0.686E-02 -.181E-01 -.329E-01
-.351E-01 -.389E-01 -.371E-01 -.147E-01 0.227E-02 -.208E-02 -.186E-01 -.903E-02
-.165E-02 -.303E-02 0.393E-02 0.144E-02 -.171E-01 -.276E-01 0.559E-02 0.536E-01
0.627E-01 0.358E-01 0.142E-01 0.141E-01 0.472E-01 0.645E-01 0.315E-01 -.179E-01
-.133E-01 0.174E-01 0.602E-02 -.185E-01 -.337E-01 -.462E-01 -.607E-01 -.710E-01
-.643E-01 -.568E-01 -.462E-01 -.263E-01 -.499E-02 0.249E-01 0.471E-01 0.423E-01
0.310E-01 0.333E-04 -.230E-02 0.915E-02 0.256E-01 0.361E-01 0.172E-01 0.142E-01
0.163E-01 0.534E-02 -.719E-02 -.234E-01 -.391E-01 -.457E-01 -.275E-01 -.159E-01
-.144E-01 -.829E-02 0.377E-02 0.403E-02 -.113E-01 -.254E-01 -.462E-01 -.567E-01
-.301E-01 0.742E-02 0.130E-01 0.185E-01